Quality	median_sell_budget_ratio	item_count
2	264.77590000	4695
3	270.06315000	3382
4	270.70720000	4541
5	1317.55260000	12
Quality	items	avg_buy_sell_ratio	min_ratio	max_ratio
1	466	4.98251459	0.1999	5.1481
2	4695	4.98005949	4.0000	60.8042
3	3382	4.89512413	0.2000	6.4492
4	4541	41.14426397	4.0000	40000.0000
5	12	5.00000000	5.0000	5.0000
Quality	ItemLevelBracket	median_k	item_count
2	10	0.0304577950000	374
2	20	0.0135593220000	529
2	30	0.0072126565000	572
2	40	0.0048690850000	661
2	50	0.0030137540000	589
2	60	0.0025030480000	352
2	70	0.0042735330000	1
2	80	0.0013243085000	164
2	90	0.0013179140000	269
2	100	0.0013143390000	178
2	110	0.0013095100000	161
2	120	0.0012361750000	52
2	130	0.0015452335000	174
2	140	0.0024966630000	119
2	150	0.0016207590000	179
2	160	0.0015034340000	111
2	170	0.0014267130000	157
2	180	0.0014087290000	53
3	10	0.0256000000000	9
3	20	0.0104652890000	186
3	30	0.0060043920000	178
3	40	0.0038852715000	180
3	50	0.0030577155000	426
3	60	0.0032693670000	665
3	70	0.0032005470000	53
3	80	0.0025532920000	66
3	90	0.0024732060000	95
3	100	0.0025212430000	123
3	110	0.0029807745000	644
3	130	0.0037968175000	18
3	140	0.0038521285000	14
3	150	0.0035765570000	67
3	160	0.0037499730000	81
3	170	0.0044539080000	93
3	180	0.0051973130000	230
3	200	0.0042669860000	254
4	30	0.0016129030000	1
4	40	0.0024547030000	21
4	50	0.0016923070000	27
4	60	0.0028701125000	248
4	70	0.0024645960000	334
4	80	0.0025291930000	236
4	90	0.0009735590000	67
4	100	0.0017555690000	215
4	110	0.0029745980000	239
4	120	0.0029168520000	208
4	130	0.0018831205000	88
4	140	0.0029398180000	181
4	150	0.0030403230000	117
4	160	0.0038782275000	20
4	200	0.0041625895000	290
4	210	0.0043537190000	466
4	220	0.0049471895000	226
4	230	0.0045604520000	333
4	240	0.0051608945000	362
4	250	0.0050026840000	366
4	260	0.0055394535000	304
4	270	0.0054259620000	171
4	280	0.0049484290000	21
ItemLevelBracket	smoothed_sell_per_budget
10	25.27470000
20	72.15120000
30	141.92310000
40	217.50000000
50	325.67110000
60	339.54390000
70	397.66305000
80	497.51050000
90	691.58010000
100	578.72155000
110	354.02400000
120	370.08265000
130	370.08265000
140	402.65820000
150	402.65820000
160	402.65820000
170	400.42985000
180	236.91400000
200	229.69065000
210	229.69065000
220	219.27650000
230	202.13585000
240	199.89315000
250	194.18290000
260	184.29910000
270	184.29910000
280	209.02000000
