
                                                                                                                           
                                                                                                                           
###########################################################################################################################
##                                                                                                                       ##
##  1. Create Temporary Curve Table: ACSBV3_temp_curve                                                                   ##
##                                                                                                                       ##
###########################################################################################################################
2025-12-19 18:55:33                                                                                            0501C (v1.0)
                                                                                                                           

Temporary Table Created: ACSBV3_temp_curve

                                                                                                                           
                                                                                                                           
###########################################################################################################################
##                                                                                                                       ##
##  2. Populate Temporary Curve Table: ACSBV3_temp_curve FROM ACSBV3_ref_dataset                                         ##
##                                                                                                                       ##
###########################################################################################################################
2025-12-19 18:55:33                                                                                            0501C (v1.0)
                                                                                                                           

Temporary Table Populated: 335 points

                                                                                                                           
                                                                                                                           
###########################################################################################################################
##                                                                                                                       ##
##  3. Create and Populate Curve Table: ACSBV3_0501C_curve FROM ACSBV3_temp_curve                                        ##
##                                                                                                                       ##
###########################################################################################################################
2025-12-19 18:55:33                                                                                            0501C (v1.0)
                                                                                                                           

Table Created: ACSBV3_0501C_curve

Table Populated: 335 points

                                                                                                                           
                                                                                                                           
###########################################################################################################################
##                                                                                                                       ##
##  4. Apply 3-Point Smoothing Window to Table: ACSBV3_0501C_curve                                                       ##
##                                                                                                                       ##
###########################################################################################################################
2025-12-19 18:55:34                                                                                            0501C (v1.0)
                                                                                                                           
ItemLevel	curve_raw	curve_3pnt
10	7.60515	7.47446
11	7.34376	7.78296
12	8.39996	8.24744
13	8.99859	8.85678
14	9.17180	8.96955
15	8.73827	8.97974
16	9.02915	9.82118
17	11.69611	9.54000
18	7.89474	10.27522
19	11.23481	9.95845
20	10.74579	11.81757
21	13.47211	12.68691
22	13.84282	14.09457
23	14.96879	14.24801
24	13.93242	14.41154
25	14.33342	14.25765
26	14.50710	14.57581
27	14.88690	13.10168
29	9.91105	18.68265
30	31.25000	19.92584
32	18.61646	23.47500
34	20.55855	19.65083
35	19.77749	20.16604
36	20.16207	19.19752
37	17.65301	21.58370
40	26.93603	24.58699
44	29.17192	27.59684
45	26.68257	28.12405
46	28.51767	32.67691
47	42.83048	33.64792
50	29.59560	37.73814
55	40.78833	40.69394
69	51.69788	42.75003
70	35.76387	46.66655
71	52.53791	43.95939
72	43.57639	49.61440
75	52.72889	48.42298
80	48.96365	53.17109
85	57.82072	56.92547
90	63.99203	67.44186
115	80.51283	72.25243

                                                                                                                           
                                                                                                                           
###########################################################################################################################
##                                                                                                                       ##
##  5. Apply Monotonic Enforcement to Table: ACSBV3_0501C_curve                                                          ##
##                                                                                                                       ##
###########################################################################################################################
2025-12-19 18:55:34                                                                                            0501C (v1.0)
                                                                                                                           
Quality	ItemLevel	curve_raw	curve_3pnt	curve_mono	min_budget	max_budget	ItemCount
1	10	7.60515	7.47446	7.47446	4.06127	12.36364	76
1	11	7.34376	7.78296	7.78296	4.10575	12.47706	26
1	12	8.39996	8.24744	8.24744	4.86486	13.39450	23
1	13	8.99859	8.85678	8.85678	5.30612	14.12844	18
1	14	9.17180	8.96955	8.96955	5.71429	14.86239	23
1	15	8.73827	8.97974	8.97974	7.14286	11.68831	7
1	16	9.02915	9.82118	9.82118	6.79456	11.91766	7
1	17	11.69611	9.54000	9.82118	6.53061	18.30303	24
1	18	7.89474	10.27522	10.27522	7.89474	7.89474	1
1	19	11.23481	9.95845	10.27522	11.00715	11.41524	3
1	20	10.74579	11.81757	11.81757	7.32394	13.92405	7
1	21	13.47211	12.68691	12.68691	8.62069	20.67797	15
1	22	13.84282	14.09457	14.09457	7.75510	21.01695	26
1	23	14.96879	14.24801	14.24801	8.96552	21.35593	6
1	24	13.93242	14.41154	14.41154	9.31034	21.69492	8
1	25	14.33342	14.25765	14.41154	10.91127	17.89906	9
1	26	14.50710	14.57581	14.57581	12.68116	19.04761	5
1	27	14.88690	13.10168	14.57581	6.93878	21.69697	28
1	29	9.91105	18.68265	18.68265	9.29577	10.52632	2
1	30	31.25000	19.92584	19.92584	31.25000	31.25000	1
1	32	18.61646	23.47500	23.47500	16.44860	20.78432	2
1	34	20.55855	19.65083	23.47500	16.43564	24.21722	7
1	35	19.77749	20.16604	23.47500	11.57895	24.10714	8
1	36	20.16207	19.19752	23.47500	16.50445	26.53061	4
1	37	17.65301	21.58370	23.47500	10.61224	25.22388	25
1	40	26.93603	24.58699	24.58699	26.93603	26.93603	2
1	44	29.17192	27.59684	27.59684	26.26050	32.08333	2
1	45	26.68257	28.12405	28.12405	23.32679	30.98739	3
1	46	28.51767	32.67691	32.67691	25.53413	31.52902	5
1	47	42.83048	33.64792	33.64792	42.83048	42.83048	1
1	50	29.59560	37.73814	37.73814	14.08451	45.31882	38
1	55	40.78833	40.69394	40.69394	39.87342	41.24579	3
1	69	51.69788	42.75003	42.75003	48.39910	54.99665	2
1	70	35.76387	46.66655	46.66655	26.57143	56.49350	10
1	71	52.53791	43.95939	46.66655	50.28129	54.79452	2
1	72	43.57639	49.61440	49.61440	43.57639	43.57639	1
1	75	52.72889	48.42298	49.61440	42.70833	58.37913	10
1	80	48.96365	53.17109	53.17109	23.41463	61.42857	16
1	85	57.82072	56.92547	56.92547	47.17587	74.33904	5
1	90	63.99203	67.44186	67.44186	51.19266	78.47589	6
1	115	80.51283	72.25243	72.25243	80.51283	80.51283	1

                                                                                                                           
                                                                                                                           
###########################################################################################################################
##                                                                                                                       ##
##  6. Verification: ACSBV3_0501C_curve                                                                                  ##
##                                                                                                                       ##
###########################################################################################################################
2025-12-19 18:55:34                                                                                            0501C (v1.0)
                                                                                                                           

1 | 010 |      7.60515 |      7.47446 |      7.47446 |      4.06127 |     12.36364 |   76
1 | 011 |      7.34376 |      7.78296 |      7.78296 |      4.10575 |     12.47706 |   26
1 | 012 |      8.39996 |      8.24744 |      8.24744 |      4.86486 |     13.39450 |   23
1 | 013 |      8.99859 |      8.85678 |      8.85678 |      5.30612 |     14.12844 |   18
1 | 014 |      9.17180 |      8.96955 |      8.96955 |      5.71429 |     14.86239 |   23
1 | 015 |      8.73827 |      8.97974 |      8.97974 |      7.14286 |     11.68831 |    7
1 | 016 |      9.02915 |      9.82118 |      9.82118 |      6.79456 |     11.91766 |    7
1 | 017 |     11.69611 |      9.54000 |      9.82118 |      6.53061 |     18.30303 |   24
1 | 018 |      7.89474 |     10.27522 |     10.27522 |      7.89474 |      7.89474 |    1
1 | 019 |     11.23481 |      9.95845 |     10.27522 |     11.00715 |     11.41524 |    3
1 | 020 |     10.74579 |     11.81757 |     11.81757 |      7.32394 |     13.92405 |    7
1 | 021 |     13.47211 |     12.68691 |     12.68691 |      8.62069 |     20.67797 |   15
1 | 022 |     13.84282 |     14.09457 |     14.09457 |      7.75510 |     21.01695 |   26
1 | 023 |     14.96879 |     14.24801 |     14.24801 |      8.96552 |     21.35593 |    6
1 | 024 |     13.93242 |     14.41154 |     14.41154 |      9.31034 |     21.69492 |    8
1 | 025 |     14.33342 |     14.25765 |     14.41154 |     10.91127 |     17.89906 |    9
1 | 026 |     14.50710 |     14.57581 |     14.57581 |     12.68116 |     19.04761 |    5
1 | 027 |     14.88690 |     13.10168 |     14.57581 |      6.93878 |     21.69697 |   28
1 | 029 |      9.91105 |     18.68265 |     18.68265 |      9.29577 |     10.52632 |    2
1 | 030 |     31.25000 |     19.92584 |     19.92584 |     31.25000 |     31.25000 |    1
1 | 032 |     18.61646 |     23.47500 |     23.47500 |     16.44860 |     20.78432 |    2
1 | 034 |     20.55855 |     19.65083 |     23.47500 |     16.43564 |     24.21722 |    7
1 | 035 |     19.77749 |     20.16604 |     23.47500 |     11.57895 |     24.10714 |    8
1 | 036 |     20.16207 |     19.19752 |     23.47500 |     16.50445 |     26.53061 |    4
1 | 037 |     17.65301 |     21.58370 |     23.47500 |     10.61224 |     25.22388 |   25
1 | 040 |     26.93603 |     24.58699 |     24.58699 |     26.93603 |     26.93603 |    2
1 | 044 |     29.17192 |     27.59684 |     27.59684 |     26.26050 |     32.08333 |    2
1 | 045 |     26.68257 |     28.12405 |     28.12405 |     23.32679 |     30.98739 |    3
1 | 046 |     28.51767 |     32.67691 |     32.67691 |     25.53413 |     31.52902 |    5
1 | 047 |     42.83048 |     33.64792 |     33.64792 |     42.83048 |     42.83048 |    1
1 | 050 |     29.59560 |     37.73814 |     37.73814 |     14.08451 |     45.31882 |   38
1 | 055 |     40.78833 |     40.69394 |     40.69394 |     39.87342 |     41.24579 |    3
1 | 069 |     51.69788 |     42.75003 |     42.75003 |     48.39910 |     54.99665 |    2
1 | 070 |     35.76387 |     46.66655 |     46.66655 |     26.57143 |     56.49350 |   10
1 | 071 |     52.53791 |     43.95939 |     46.66655 |     50.28129 |     54.79452 |    2
1 | 072 |     43.57639 |     49.61440 |     49.61440 |     43.57639 |     43.57639 |    1
1 | 075 |     52.72889 |     48.42298 |     49.61440 |     42.70833 |     58.37913 |   10
1 | 080 |     48.96365 |     53.17109 |     53.17109 |     23.41463 |     61.42857 |   16
1 | 085 |     57.82072 |     56.92547 |     56.92547 |     47.17587 |     74.33904 |    5
1 | 090 |     63.99203 |     67.44186 |     67.44186 |     51.19266 |     78.47589 |    6
1 | 115 |     80.51283 |     72.25243 |     72.25243 |     80.51283 |     80.51283 |    1
2 | 010 |      8.73733 |     10.06110 |     10.06110 |      3.12500 |     13.60606 |   18
2 | 011 |     11.38487 |     10.40652 |     10.40652 |      6.38889 |     21.44522 |   22
2 | 012 |     11.09735 |     11.90431 |     11.90431 |      2.81250 |     22.24532 |   20
2 | 013 |     13.23071 |     12.76101 |     12.76101 |      8.53659 |     24.05594 |   27
2 | 014 |     13.95497 |     13.70037 |     13.70037 |      9.24745 |     24.74012 |   16
2 | 015 |     13.91542 |     14.56280 |     14.56280 |      1.93939 |     26.85315 |   71
2 | 016 |     15.81802 |     15.39024 |     15.39024 |      9.44444 |     28.15851 |   34
2 | 017 |     16.43728 |     16.54371 |     16.54371 |      5.55556 |     28.89813 |   49
2 | 018 |     17.37583 |     17.05086 |     17.05086 |      4.72222 |     30.20979 |   64
2 | 019 |     17.33948 |     17.60953 |     17.60953 |     10.41667 |     29.93763 |   53
2 | 020 |     18.11327 |     18.11129 |     18.11129 |      4.32432 |     31.32867 |   65
2 | 021 |     18.88113 |     18.59943 |     18.59943 |     10.27778 |     31.88811 |   41
2 | 022 |     18.80388 |     19.52367 |     19.52367 |      8.10811 |     31.60083 |   43
2 | 023 |     20.88601 |     20.10602 |     20.10602 |     10.79137 |     33.00699 |   54
2 | 024 |     20.62816 |     21.28266 |     21.28266 |      3.57698 |     33.56643 |   48
2 | 025 |     22.33380 |     21.88611 |     21.88611 |      9.05660 |     35.72360 |   56
2 | 026 |     22.69638 |     23.02496 |     23.02496 |      7.50000 |     36.24511 |   59
2 | 027 |     24.04469 |     23.95618 |     23.95618 |     12.50000 |     37.02738 |   56
2 | 028 |     25.12748 |     24.43333 |     24.43333 |     14.44270 |     37.54889 |   53
2 | 029 |     24.12782 |     24.89847 |     24.89847 |     14.33962 |     36.36364 |   54
2 | 030 |     25.44012 |     25.19836 |     25.19836 |     15.00000 |     38.85267 |   53
2 | 031 |     26.02713 |     26.26939 |     26.26939 |     13.33333 |     38.05970 |   59
2 | 032 |     27.34093 |     27.12279 |     27.12279 |     12.50000 |     39.89570 |   58
2 | 033 |     28.00032 |     28.01757 |     28.01757 |     10.81081 |     40.41721 |   53
2 | 034 |     28.71147 |     28.76901 |     28.76901 |     15.13514 |     41.19948 |   59
2 | 035 |     29.59524 |     28.91102 |     28.91102 |     16.46804 |     45.25424 |   61
2 | 036 |     28.42634 |     29.83165 |     29.83165 |      7.29730 |     42.24250 |   62
2 | 037 |     31.47336 |     30.74852 |     30.74852 |     13.88889 |     53.22034 |   60
2 | 038 |     32.34587 |     32.16917 |     32.16917 |     17.76815 |     43.54628 |   55
2 | 039 |     32.68829 |     32.76573 |     32.76573 |      7.29730 |     43.88060 |   53
2 | 040 |     33.26302 |     33.64358 |     33.64358 |     18.63489 |     46.48485 |   70
2 | 041 |     34.97943 |     35.03316 |     35.03316 |     18.83830 |     51.35593 |   69
2 | 042 |     36.85703 |     36.75731 |     36.75731 |     19.46625 |     54.93480 |   65
2 | 043 |     38.43546 |     38.18908 |     38.18908 |     13.20755 |     60.15074 |   63
2 | 044 |     39.27476 |     39.46223 |     39.46223 |     12.00000 |     66.03661 |   68
2 | 045 |     40.67646 |     40.70254 |     40.70254 |     15.52632 |     67.37648 |   69
2 | 046 |     42.15639 |     42.06264 |     42.06264 |     21.35008 |     68.71635 |   67
2 | 047 |     43.35506 |     43.01479 |     43.01479 |     21.66847 |     70.10408 |   67
2 | 048 |     43.53293 |     43.31066 |     43.31066 |     21.97802 |     71.44395 |   60
2 | 049 |     43.04398 |     43.89506 |     43.89506 |     16.55172 |     72.78383 |   63
2 | 050 |     45.10826 |     44.97053 |     44.97053 |     22.96858 |     74.17155 |   58
2 | 051 |     46.75935 |     47.04863 |     47.04863 |     23.23391 |     75.51142 |   63
2 | 052 |     49.27828 |     48.38759 |     48.38759 |     23.86185 |     76.85130 |   56
2 | 053 |     49.12515 |     48.51300 |     48.51300 |     20.00000 |     78.23902 |   55
2 | 054 |     47.13558 |     47.65239 |     48.51300 |     16.60377 |     79.57890 |   57
2 | 055 |     46.69643 |     48.68827 |     48.68827 |     14.59459 |     80.91877 |   62
2 | 056 |     52.23279 |     50.69874 |     50.69874 |     13.88889 |     82.30650 |   62
2 | 057 |     53.16699 |     52.03427 |     52.03427 |     26.00217 |     83.64637 |   54
2 | 058 |     50.70304 |     52.14291 |     52.14291 |     18.33333 |     84.98624 |   62
2 | 059 |     52.55869 |     51.99480 |     52.14291 |     25.00000 |     86.37397 |   60
2 | 060 |     52.72266 |     52.07590 |     52.14291 |     17.74648 |     87.71384 |  102
2 | 061 |     50.94634 |     52.75799 |     52.75799 |     18.02817 |     89.05371 |   67
2 | 062 |     54.60496 |     53.66726 |     53.66726 |     13.90909 |     90.44144 |   56
2 | 063 |     55.45049 |     56.48178 |     56.48178 |     21.17886 |     91.78131 |   83
2 | 064 |     59.38989 |     59.80018 |     59.80018 |     29.03575 |     93.12119 |   23
2 | 065 |     64.56016 |     66.73082 |     66.73082 |     29.51334 |     94.50891 |   21
2 | 076 |     76.24242 |     78.01296 |     78.01296 |     76.24242 |     76.24242 |    1
2 | 080 |     93.23630 |     80.74012 |     80.74012 |     93.23630 |     93.23630 |    1
2 | 081 |     72.74163 |     86.21895 |     86.21895 |     35.96966 |    116.18615 |   52
2 | 083 |     92.67893 |     80.31478 |     86.21895 |     47.85662 |    116.66667 |    3
2 | 084 |     75.52379 |     81.75809 |     86.21895 |     37.26977 |    120.25362 |   56
2 | 087 |     77.07154 |     78.09594 |     86.21895 |     38.56988 |    124.32109 |   52
2 | 090 |     81.69249 |     80.00046 |     86.21895 |     34.59459 |    128.38856 |   89
2 | 093 |     81.23735 |     82.46859 |     86.21895 |     40.00000 |    132.45604 |   60
2 | 096 |     84.47592 |     83.86626 |     86.21895 |     42.03684 |    136.52351 |   57
2 | 099 |     85.88551 |     86.50521 |     86.50521 |     43.32810 |    140.59098 |   63
2 | 102 |     89.15419 |     71.86008 |     86.50521 |     44.58399 |    144.65845 |   56
2 | 103 |     40.54054 |     74.01225 |     86.50521 |     40.54054 |     40.54054 |    1
2 | 105 |     92.34201 |     75.33824 |     86.50521 |     45.83987 |    148.72592 |   56
2 | 108 |     93.13216 |     93.81943 |     93.81943 |     46.80390 |    152.79340 |   65
2 | 111 |     95.98413 |     96.58959 |     96.58959 |     48.10401 |    156.86087 |   53
2 | 114 |    100.65248 |     99.44456 |     99.44456 |     49.40412 |    160.92834 |   55
2 | 117 |    101.69707 |    102.13169 |    102.13169 |     50.70423 |    164.99581 |   53
2 | 120 |    104.04552 |    110.54562 |    110.54562 |     52.00433 |    169.06329 |   52
2 | 130 |    125.89426 |    121.04309 |    121.04309 |     56.33803 |    292.39729 |   52
2 | 134 |    133.18948 |    132.53019 |    132.53019 |     57.63814 |    301.96676 |   56
2 | 138 |    138.50684 |    139.78390 |    139.78390 |     59.37161 |    311.08821 |   66
2 | 142 |    147.65537 |    147.66339 |    147.66339 |     61.10509 |    322.47659 |   74
2 | 145 |    156.82796 |    144.89008 |    147.66339 |    145.00000 |    168.65591 |    2
2 | 146 |    130.18690 |    145.72384 |    147.66339 |     62.79435 |    214.18830 |   45
2 | 150 |    150.15665 |    138.04294 |    147.66339 |     64.57205 |    344.80535 |   64
2 | 151 |    133.78527 |    145.34593 |    147.66339 |    112.64151 |    147.14286 |    3
2 | 154 |    152.09587 |    143.42152 |    147.66339 |     66.30553 |    356.19372 |   58
2 | 155 |    144.38343 |    150.52734 |    150.52734 |    130.37975 |    158.38710 |    2
2 | 158 |    155.10271 |    153.05836 |    153.05836 |     67.81790 |    368.95301 |   57
2 | 162 |    159.68895 |    157.19382 |    157.19382 |     69.33911 |    380.81627 |   59
2 | 166 |    156.78981 |    159.55024 |    159.55024 |     71.07259 |    394.47158 |   52
2 | 170 |    162.17197 |    161.27869 |    161.27869 |     72.80607 |    406.78285 |   53
2 | 174 |    164.87428 |    165.26441 |    165.26441 |     74.53954 |    421.80906 |   52
2 | 178 |    168.74697 |    168.79835 |    168.79835 |     76.27302 |    435.93925 |   52
2 | 182 |    172.77380 |    182.61219 |    182.61219 |     77.86499 |    451.44035 |   52
2 | 187 |    206.31579 |    189.54480 |    189.54480 |    206.31579 |    206.31579 |    1
3 | 018 |     22.76473 |     22.35640 |     22.35640 |     15.57935 |     27.31707 |    6
3 | 019 |     21.94807 |     21.68074 |     22.35640 |     12.50000 |     29.92958 |    3
3 | 020 |     20.32943 |     22.03504 |     22.35640 |      6.25000 |     28.86792 |   17
3 | 021 |     23.82763 |     22.54760 |     22.54760 |     14.55026 |     30.42857 |   15
3 | 022 |     23.48575 |     24.02528 |     24.02528 |     11.11111 |     32.08579 |   17
3 | 023 |     24.76245 |     25.56320 |     25.56320 |      5.55556 |     34.64286 |   38
3 | 024 |     28.44140 |     26.98934 |     26.98934 |     18.27372 |     39.66102 |   18
3 | 025 |     27.76417 |     28.50889 |     28.50889 |     16.97613 |     41.33333 |   27
3 | 026 |     29.32109 |     28.84695 |     28.84695 |     18.09211 |     39.02439 |   23
3 | 027 |     29.45558 |     28.51148 |     28.84695 |     11.72414 |     40.91549 |   17
3 | 028 |     26.75778 |     29.04808 |     29.04808 |     10.00000 |     36.90141 |   14
3 | 029 |     30.93089 |     30.28513 |     30.28513 |     22.45833 |     39.49153 |   16
3 | 030 |     33.16671 |     32.33845 |     32.33845 |      9.87342 |     57.07317 |   14
3 | 031 |     32.91776 |     32.92316 |     32.92316 |     18.59155 |     46.57895 |   15
3 | 032 |     32.68500 |     34.37868 |     34.37868 |     18.02817 |     43.58209 |   19
3 | 033 |     37.53327 |     35.45953 |     35.45953 |     11.11111 |     49.59184 |   57
3 | 034 |     36.16033 |     37.29798 |     37.29798 |     22.94147 |     50.73171 |   17
3 | 035 |     38.20034 |     36.87800 |     37.29798 |     19.87577 |     54.14634 |   31
3 | 036 |     36.27334 |     38.39228 |     38.39228 |     11.11111 |     53.66667 |   18
3 | 037 |     40.70317 |     39.15862 |     39.15862 |     25.10109 |     52.68817 |   19
3 | 038 |     40.49934 |     40.99844 |     40.99844 |     10.00000 |     55.32895 |   18
3 | 039 |     41.79280 |     42.28592 |     42.28592 |     31.63975 |     50.17308 |   18
3 | 040 |     44.56561 |     42.88719 |     42.88719 |     27.63158 |     69.83051 |   19
3 | 041 |     42.30317 |     44.52325 |     44.52325 |     15.62500 |     55.69620 |   19
3 | 042 |     46.70098 |     45.86605 |     45.86605 |     31.33253 |     61.91370 |   21
3 | 043 |     48.59401 |     47.24410 |     47.24410 |     13.88889 |     62.83019 |   54
3 | 044 |     46.43731 |     47.40463 |     47.40463 |     30.55556 |     62.36842 |   17
3 | 045 |     47.18257 |     48.11398 |     48.11398 |      2.28616 |     83.65854 |   29
3 | 046 |     50.72206 |     48.83731 |     48.83731 |     33.88889 |     63.94366 |   13
3 | 047 |     48.60731 |     49.81008 |     49.81008 |     29.62336 |     68.49057 |   21
3 | 048 |     50.10088 |     48.68148 |     49.81008 |     34.97024 |     68.42388 |   13
3 | 049 |     47.33626 |     50.26408 |     50.26408 |     31.26761 |     65.08929 |   18
3 | 050 |     53.35511 |     51.54198 |     51.54198 |     16.66667 |     80.97561 |   42
3 | 051 |     53.93456 |     55.26483 |     55.26483 |     16.73469 |     73.79747 |   20
3 | 052 |     58.50483 |     56.75355 |     56.75355 |     27.28592 |     78.10651 |   35
3 | 053 |     57.82127 |     58.04461 |     58.04461 |     16.66667 |     84.52830 |   80
3 | 054 |     57.80773 |     58.40114 |     58.40114 |     16.66667 |     73.80282 |   36
3 | 055 |     59.57441 |     59.73884 |     59.73884 |     16.66667 |     95.08475 |   40
3 | 056 |     61.83437 |     60.02128 |     60.02128 |     32.70270 |    107.31707 |   38
3 | 057 |     58.65507 |     61.21932 |     61.21932 |     18.91892 |     85.40541 |   63
3 | 058 |     63.16853 |     61.55092 |     61.55092 |     19.68750 |     87.33645 |   55
3 | 059 |     62.82915 |     64.43199 |     64.43199 |     24.32432 |     90.56604 |   75
3 | 060 |     67.29828 |     65.45773 |     65.45773 |     18.91892 |    111.70732 |  127
3 | 061 |     66.24577 |     67.18677 |     67.18677 |     20.97561 |    116.25000 |  131
3 | 062 |     68.01627 |     67.69100 |     67.69100 |     31.89189 |    109.58333 |  122
3 | 063 |     68.81097 |     68.09519 |     68.09519 |     13.88889 |    110.00000 |  275
3 | 064 |     67.45833 |     68.18552 |     68.18552 |     56.03448 |     78.98601 |    6
3 | 065 |     68.28726 |     70.31548 |     70.31548 |     21.12676 |    133.28125 |   36
3 | 066 |     75.20086 |     70.98102 |     70.98102 |     55.09434 |     91.76056 |   36
3 | 068 |     69.45494 |     66.79488 |     70.98102 |     21.62162 |    101.92308 |   89
3 | 070 |     55.72885 |     69.09320 |     70.98102 |     36.61972 |     75.21127 |   10
3 | 071 |     82.09580 |     72.73440 |     72.73440 |     18.37838 |    113.02817 |   63
3 | 073 |     80.37854 |     81.12333 |     81.12333 |     22.50000 |     95.22936 |    8
3 | 074 |     80.89564 |     88.15621 |     88.15621 |     25.00000 |    100.17949 |    8
3 | 080 |    103.19444 |     89.10736 |     89.10736 |    101.94444 |    104.44444 |    4
3 | 082 |     83.23201 |     94.96167 |     94.96167 |     59.45241 |    121.92127 |    4
3 | 085 |     98.45855 |     91.58666 |     94.96167 |     41.60347 |    171.66667 |   35
3 | 088 |     93.06943 |     96.28245 |     96.28245 |     45.29915 |    136.62162 |   27
3 | 091 |     97.31937 |     96.16178 |     96.28245 |     43.95604 |    217.07317 |   44
3 | 094 |     98.09653 |    100.90888 |    100.90888 |     46.56965 |    142.80488 |   35
3 | 097 |    107.31075 |    109.24790 |    109.24790 |     31.62162 |    161.63070 |   26
3 | 100 |    122.33641 |    128.49350 |    128.49350 |     76.45570 |    161.35714 |   56
3 | 101 |    155.83333 |    108.80433 |    128.49350 |    155.83333 |    155.83333 |    1
3 | 102 |     48.24324 |    104.64684 |    128.49350 |     48.24324 |     48.24324 |    1
3 | 103 |    109.86394 |     87.60686 |    128.49350 |     49.60754 |    207.22222 |   36
3 | 106 |    104.71339 |    112.37498 |    128.49350 |     76.38889 |    133.47418 |   13
3 | 108 |    122.54761 |    112.85592 |    128.49350 |    122.54761 |    122.54761 |    1
3 | 109 |    111.30676 |    116.46681 |    128.49350 |     52.00433 |    159.76887 |   42
3 | 110 |    115.54605 |    113.50569 |    128.49350 |     87.14286 |    130.51020 |    5
3 | 112 |    113.66425 |    112.34955 |    128.49350 |     37.07317 |    192.68293 |   83
3 | 113 |    107.83834 |    106.60570 |    128.49350 |     75.00000 |    140.81081 |    9
3 | 114 |     98.31450 |    113.05444 |    128.49350 |     48.64865 |    165.01399 |   21
3 | 115 |    133.01047 |    128.81831 |    128.81831 |     30.00000 |    289.16667 |  729
3 | 130 |    155.12995 |    162.83538 |    162.83538 |    124.59459 |    190.84507 |    6
3 | 134 |    200.36572 |    173.95791 |    173.95791 |    155.03497 |    320.41667 |    6
3 | 138 |    166.37805 |    194.78015 |    194.78015 |    127.04762 |    216.93750 |    6
3 | 142 |    217.59668 |    193.20599 |    194.78015 |    184.18919 |    252.36111 |    6
3 | 145 |    195.64324 |    205.82857 |    205.82857 |    195.64324 |    195.64324 |    1
3 | 146 |    204.24578 |    201.56159 |    205.82857 |    170.62500 |    246.48649 |    8
3 | 150 |    204.79574 |    189.66989 |    205.82857 |    148.43434 |    280.13158 |   14
3 | 154 |    159.96816 |    187.29832 |    205.82857 |     86.64466 |    254.63415 |   11
3 | 155 |    197.13106 |    190.14023 |    205.82857 |     93.24637 |    231.97183 |   11
3 | 158 |    213.32147 |    207.94578 |    207.94578 |    162.97297 |    256.49880 |    7
3 | 159 |    213.38481 |    210.96250 |    210.96250 |     84.94041 |    283.28125 |   29
3 | 162 |    206.18122 |    215.63654 |    215.63654 |    171.65963 |    235.51020 |    6
3 | 163 |    227.34358 |    228.31678 |    228.31678 |    148.89088 |    407.50000 |   16
3 | 166 |    251.42555 |    231.95568 |    231.95568 |    208.51351 |    326.58537 |   28
3 | 167 |    217.09792 |    235.95178 |    235.95178 |     92.30769 |    392.56098 |   31
3 | 170 |    239.33186 |    229.69199 |    235.95178 |    149.72222 |    278.64865 |    5
3 | 171 |    232.64618 |    249.14851 |    249.14851 |    160.81081 |    304.79592 |   27
3 | 174 |    275.46748 |    253.75793 |    253.75793 |    190.91743 |    418.91892 |    7
3 | 175 |    253.16014 |    262.94413 |    262.94413 |    100.56285 |    389.46428 |   33
3 | 179 |    260.20478 |    256.11416 |    262.94413 |    143.65046 |    373.41463 |   21
3 | 183 |    254.97757 |    271.55484 |    271.55484 |    132.36575 |    470.40541 |   19
3 | 187 |    299.48217 |    290.89186 |    290.89186 |    160.00000 |    471.72930 |  211
3 | 200 |    318.21584 |    308.84901 |    308.84901 |     66.47887 |    582.63889 |  397
4 | 036 |     27.77778 |     32.99517 |     32.99517 |     27.77778 |     27.77778 |    1
4 | 040 |     38.21255 |     36.93060 |     36.93060 |     33.90322 |     42.52188 |    2
4 | 041 |     44.80146 |     39.57883 |     39.57883 |     39.83619 |     49.76672 |    2
4 | 042 |     35.72249 |     44.84446 |     44.84446 |     27.88732 |     43.55765 |    2
4 | 043 |     54.00944 |     46.73541 |     46.73541 |     41.11111 |     66.90777 |    2
4 | 044 |     50.47430 |     55.81199 |     55.81199 |     36.16072 |     64.78788 |    2
4 | 045 |     62.95224 |     58.80332 |     58.80332 |     45.18519 |     80.75472 |    6
4 | 046 |     62.98342 |     60.58966 |     60.58966 |     56.66667 |     69.30016 |    2
4 | 047 |     55.83333 |     64.65072 |     64.65072 |     44.16666 |     67.50000 |    2
4 | 048 |     75.13541 |     62.98664 |     64.65072 |     71.52381 |     78.74700 |    2
4 | 049 |     57.99119 |     62.87441 |     64.65072 |     39.79925 |     74.17431 |    3
4 | 050 |     55.49664 |     60.36916 |     64.65072 |     46.71489 |     72.89269 |    3
4 | 051 |     67.61964 |     54.15125 |     64.65072 |     59.45946 |     75.77982 |    2
4 | 052 |     39.33748 |     53.17934 |     64.65072 |     39.33748 |     39.33748 |    1
4 | 053 |     52.58090 |     49.29502 |     64.65072 |     51.90476 |     53.25704 |    2
4 | 054 |     55.96669 |     59.47559 |     64.65072 |     46.22223 |     71.64771 |    3
4 | 055 |     69.87917 |     63.82324 |     64.65072 |     43.42948 |     95.37736 |    8
4 | 056 |     65.62387 |     63.28194 |     64.65072 |     65.62387 |     65.62387 |    1
4 | 057 |     54.34278 |     65.12937 |     65.12937 |     44.87179 |     68.24242 |    4
4 | 058 |     75.42146 |     68.50902 |     68.50902 |     58.62069 |     92.22222 |    2
4 | 059 |     75.76281 |     72.44435 |     72.44435 |     52.11268 |     97.98507 |    6
4 | 060 |     66.14877 |     70.67708 |     72.44435 |     34.16667 |     95.69231 |    9
4 | 061 |     70.11965 |     70.60246 |     72.44435 |     41.36691 |    104.66667 |    6
4 | 062 |     75.53897 |     69.44909 |     72.44435 |     42.89474 |    114.57576 |   17
4 | 063 |     62.68864 |     70.33552 |     72.44435 |     48.25597 |     92.18750 |   13
4 | 064 |     72.77895 |     74.88614 |     74.88614 |     45.94595 |     94.86486 |    5
4 | 065 |     89.19083 |     85.07260 |     85.07260 |     19.44444 |    138.87755 |  116
4 | 066 |     93.24801 |     91.15479 |     91.15479 |     49.65987 |    120.27027 |   99
4 | 067 |     91.02553 |     88.35441 |     91.15479 |     34.02778 |    135.12195 |   14
4 | 068 |     80.78970 |     84.38307 |     91.15479 |     51.21951 |    115.06993 |   26
4 | 069 |     81.33398 |     81.35256 |     91.15479 |     47.50000 |    115.18692 |   12
4 | 070 |     81.93401 |     87.03839 |     91.15479 |     42.22222 |    141.67277 |   45
4 | 071 |     97.84717 |     92.42994 |     92.42994 |     16.66667 |    154.71698 |   93
4 | 072 |     97.50865 |     97.49462 |     97.49462 |     47.22222 |    125.55944 |   30
4 | 073 |     97.12805 |    103.91645 |    103.91645 |     32.43243 |    133.53659 |   17
4 | 074 |    117.11265 |    102.42577 |    103.91645 |     53.51351 |    134.93671 |   60
4 | 075 |     93.03661 |    104.62451 |    104.62451 |     42.22222 |    136.07527 |   48
4 | 076 |    103.72428 |     97.07547 |    104.62451 |     35.62500 |    127.83784 |   95
4 | 077 |     94.46552 |     98.31881 |    104.62451 |     27.02703 |    136.10390 |   31
4 | 078 |     96.76662 |     95.89683 |    104.62451 |     27.77778 |    133.29268 |   83
4 | 079 |     96.45834 |     93.65649 |    104.62451 |     75.13189 |    119.89151 |    7
4 | 080 |     87.74451 |     96.97534 |    104.62451 |     44.72222 |    112.48826 |   17
4 | 081 |    106.72316 |     94.99376 |    104.62451 |     36.48649 |    160.84507 |   50
4 | 083 |     90.51361 |    100.88446 |    104.62451 |     25.00000 |    144.44444 |   59
4 | 084 |    105.41661 |    100.87537 |    104.62451 |     67.81078 |    136.32053 |    3
4 | 085 |    106.69588 |    108.54331 |    108.54331 |     47.22222 |    165.00000 |   14
4 | 086 |    113.51745 |    111.10945 |    111.10945 |     74.02597 |    131.32075 |   18
4 | 088 |    113.11501 |    111.82436 |    111.82436 |     28.88889 |    166.21951 |   71
4 | 089 |    108.84062 |    110.58796 |    111.82436 |     58.89005 |    165.06329 |    7
4 | 090 |    109.80826 |    105.36667 |    111.82436 |     24.92958 |    140.13333 |   44
4 | 092 |     97.45112 |    113.76239 |    113.76239 |     32.43243 |    138.61502 |   23
4 | 095 |    134.02778 |    118.73696 |    118.73696 |    116.38889 |    151.66667 |    2
4 | 100 |    124.73197 |    122.86945 |    122.86945 |     33.33333 |    233.33333 |   52
4 | 105 |    109.84860 |    128.68217 |    128.68217 |      8.89580 |    279.26829 |  161
4 | 107 |    151.46594 |    137.57689 |    137.57689 |    106.65729 |    187.90100 |    8
4 | 110 |    151.41613 |    158.39656 |    158.39656 |     31.87500 |    301.95122 |  101
4 | 113 |    172.30761 |    159.64724 |    159.64724 |    132.16216 |    227.02703 |   32
4 | 115 |    155.21797 |    164.20858 |    164.20858 |     51.35135 |    319.43396 |  197
4 | 120 |    165.10015 |    170.79147 |    170.79147 |     55.94595 |    216.98113 |  112
4 | 123 |    192.05630 |    171.74139 |    171.74139 |     85.26087 |    274.28571 |  231
4 | 125 |    158.06772 |    180.98353 |    180.98353 |     83.97102 |    218.32866 |   47
4 | 126 |    192.82656 |    173.82860 |    180.98353 |    172.80488 |    220.28302 |   15
4 | 127 |    170.59151 |    181.01911 |    181.01911 |    141.93548 |    216.78378 |   13
4 | 128 |    179.63925 |    169.13029 |    181.01911 |     60.00000 |    342.07317 |  186
4 | 130 |    157.16011 |    164.81126 |    181.01911 |     71.55689 |    500.00000 |   23
4 | 132 |    157.63441 |    171.64827 |    181.01911 |     77.44444 |    202.84510 |   16
4 | 133 |    200.15029 |    179.90215 |    181.01911 |    153.80282 |    250.63380 |   95
4 | 134 |    181.92174 |    199.74874 |    199.74874 |    110.13889 |    249.20863 |   14
4 | 136 |    217.17419 |    192.26286 |    199.74874 |     95.47826 |    287.63889 |  173
4 | 138 |    177.69266 |    198.74597 |    199.74874 |     79.20513 |    240.49296 |   22
4 | 141 |    201.37107 |    221.07680 |    221.07680 |     86.45128 |    408.88889 |  247
4 | 143 |    284.16667 |    191.52177 |    221.07680 |    284.16667 |    284.16667 |    1
4 | 145 |     89.02756 |    201.37134 |    221.07680 |     80.92814 |     94.30769 |    3
4 | 146 |    230.91978 |    171.89247 |    221.07680 |     94.42512 |    316.32653 |  255
4 | 151 |    195.73006 |    217.77685 |    221.07680 |     75.57755 |    260.53846 |   25
4 | 154 |    226.68072 |    251.23699 |    251.23699 |     87.51375 |    442.77778 |  144
4 | 156 |    331.30019 |    272.37429 |    272.37429 |    265.76923 |    367.31707 |    5
4 | 159 |    259.14197 |    276.62292 |    276.62292 |    175.31250 |    349.59184 |  209
4 | 164 |    239.42659 |    287.64940 |    287.64940 |    103.33334 |    285.56604 |   22
4 | 200 |    364.37965 |    341.31504 |    341.31504 |    131.05037 |    763.43750 |  704
4 | 206 |    420.13889 |    393.66016 |    393.66016 |    420.13889 |    420.13889 |    1
4 | 213 |    396.46194 |    427.43925 |    427.43925 |    194.87440 |    746.66667 |  555
4 | 219 |    465.71693 |    451.20188 |    451.20188 |    153.87179 |    762.91667 |  357
4 | 226 |    491.42678 |    473.89654 |    473.89654 |    219.98900 |    810.13889 |  463
4 | 232 |    464.54592 |    507.08615 |    507.08615 |    146.09375 |    866.80556 |  779
4 | 239 |    565.28576 |    533.51169 |    533.51169 |    289.16796 |    804.21875 |   89
4 | 245 |    570.70339 |    562.94015 |    562.94015 |    245.60185 |    990.55556 |  680
4 | 251 |    552.83129 |    640.51688 |    640.51688 |     34.67341 |    953.03075 |  450
4 | 252 |    798.01595 |    661.15926 |    661.15926 |    750.17241 |    888.10811 |    8
4 | 258 |    632.63053 |    759.28957 |    759.28957 |    307.54277 |   1024.05405 |  415
4 | 259 |    847.22222 |    717.95266 |    759.28957 |    743.33333 |    887.63889 |    4
4 | 264 |    674.00523 |    789.99248 |    789.99248 |    316.87403 |   1131.38889 |  484
4 | 268 |    848.75000 |    740.59920 |    789.99248 |    743.33333 |    893.75000 |    4
4 | 270 |    699.04238 |    766.59855 |    789.99248 |    322.84603 |   1102.81250 |   87
4 | 271 |    752.00326 |    783.55993 |    789.99248 |    465.26946 |   1150.74074 |   42
4 | 272 |    899.63415 |    800.42101 |    800.42101 |    836.46341 |    968.53659 |   10
4 | 277 |    749.62563 |    835.32161 |    835.32161 |    332.00622 |   1281.11111 |  246
4 | 284 |    856.70505 |    803.16534 |    835.32161 |    509.43114 |   1293.89468 |   21
5 | 076 |     62.22223 |     68.98266 |     68.98266 |     62.22223 |     62.22223 |    1
5 | 080 |     75.74309 |     80.44288 |     80.44288 |     70.05330 |     81.43287 |    2
5 | 090 |    103.36331 |     87.91394 |     87.91394 |     86.62614 |    123.64674 |    4
5 | 100 |     84.63542 |    135.31830 |    135.31830 |     84.63542 |     84.63542 |    1
5 | 156 |    217.95616 |    192.91220 |    192.91220 |    187.84970 |    248.06262 |    2
5 | 164 |    276.14501 |    450.95635 |    450.95635 |    276.14501 |    276.14501 |    1
5 | 245 |    858.76788 |    641.66678 |    641.66678 |    858.76788 |    858.76788 |    1
5 | 284 |    790.08744 |    824.42766 |    824.42766 |    790.08744 |    790.08744 |    1

0 zero points

                                                                                                                           
2025-12-19 18:55:34                                                                                            0501C (v1.0)
###########################################################################################################################
##  END PRINT OUT                                                                                                        ##
###########################################################################################################################
                                                                                                                           
                                                                                                                           
