
                                                                                                                           
                                                                                                                           
###########################################################################################################################
##                                                                                                                       ##
##  1.0 - Create and Populate Table: ACSBV3_aux_damage_1hand_general                                                     ##
##                                                                                                                       ##
###########################################################################################################################
2025-12-19 18:57:08                                                                                            0601E (v1.0)
                                                                                                                           
COUNT(*)
30

                                                                                                                           
                                                                                                                           
###########################################################################################################################
##                                                                                                                       ##
##  1.1 - Create and Populate Table: ACSBV3_aux_damage_1hand_1hand                                                       ##
##                                                                                                                       ##
###########################################################################################################################
2025-12-19 18:57:09                                                                                            0601E (v1.0)
                                                                                                                           
COUNT(*)
30

                                                                                                                           
                                                                                                                           
###########################################################################################################################
##                                                                                                                       ##
##  1.2 - Create and Populate Table: ACSBV3_aux_damage_1hand_main                                                        ##
##                                                                                                                       ##
###########################################################################################################################
2025-12-19 18:57:11                                                                                            0601E (v1.0)
                                                                                                                           
COUNT(*)
30

                                                                                                                           
                                                                                                                           
###########################################################################################################################
##                                                                                                                       ##
##  1.3 - Create and Populate Table: ACSBV3_aux_damage_1hand_off                                                         ##
##                                                                                                                       ##
###########################################################################################################################
2025-12-19 18:57:13                                                                                            0601E (v1.0)
                                                                                                                           
COUNT(*)
30

                                                                                                                           
                                                                                                                           
###########################################################################################################################
##                                                                                                                       ##
##  2. Create and Populate Table: ACSBV3_aux_damage_2hand                                                                ##
##                                                                                                                       ##
###########################################################################################################################
2025-12-19 18:57:15                                                                                            0601E (v1.0)
                                                                                                                           
COUNT(*)
30

                                                                                                                           
                                                                                                                           
###########################################################################################################################
##                                                                                                                       ##
##  3. Create and Populate Table: ACSBV3_aux_damage_staff                                                                ##
##                                                                                                                       ##
###########################################################################################################################
2025-12-19 18:57:17                                                                                            0601E (v1.0)
                                                                                                                           
COUNT(*)
30

                                                                                                                           
                                                                                                                           
###########################################################################################################################
##                                                                                                                       ##
##  4. Create and Populate Table: ACSBV3_aux_damage_ranged                                                               ##
##                                                                                                                       ##
###########################################################################################################################
2025-12-19 18:57:18                                                                                            0601E (v1.0)
                                                                                                                           
COUNT(*)
30

                                                                                                                           
                                                                                                                           
###########################################################################################################################
##                                                                                                                       ##
##  5. Create and Populate Table: ACSBV3_aux_damage_thrown                                                               ##
##                                                                                                                       ##
###########################################################################################################################
2025-12-19 18:57:20                                                                                            0601E (v1.0)
                                                                                                                           
COUNT(*)
30

                                                                                                                           
                                                                                                                           
###########################################################################################################################
##                                                                                                                       ##
##  6. Create and Populate Table: ACSBV3_aux_damage_wand                                                                 ##
##                                                                                                                       ##
###########################################################################################################################
2025-12-19 18:57:21                                                                                            0601E (v1.0)
                                                                                                                           
COUNT(*)
30

                                                                                                                           
                                                                                                                           
###########################################################################################################################
##                                                                                                                       ##
##  7. Create and Populate Table: ACSBV3_aux_weapon_damage                                                               ##
##                                                                                                                       ##
###########################################################################################################################
2025-12-19 18:57:23                                                                                            0601E (v1.0)
                                                                                                                           
slot_group	ItemLevelBracket	dmg_min1	dmg_max1	delay	DPS	budget_avg	budget_ratio
1H-Weapon	10	15.39244	29.38326	2075.65191	10.78594	12.43370	86.74760
1H-Weapon	20	20.18370	38.34209	2077.27443	14.08716	16.35731	86.12149
1H-Weapon	30	30.63377	57.67974	2111.07304	20.91673	24.73246	84.57200
1H-Weapon	40	41.32607	77.40462	2087.30510	28.44114	32.73811	86.87473
1H-Weapon	50	50.69145	95.09786	2058.93622	35.40404	41.29553	85.73334
1H-Weapon	60	64.74188	119.99936	2120.75649	43.55551	52.64096	82.74071
1H-Weapon	70	70.51549	132.11666	2098.68875	48.27589	59.06937	81.72746
1H-Weapon	80	75.00833	141.61714	2138.85417	50.64054	62.42458	81.12276
1H-Weapon	90	75.70556	147.46607	2086.21693	53.48716	65.67087	81.44731
1H-Weapon	100	82.09862	159.07939	2077.36080	58.04914	76.33721	76.04304
1H-Weapon	110	91.95468	179.57686	2049.83555	66.23252	91.64315	72.27220
1H-Weapon	120	101.08919	197.65149	2039.08645	73.25356	109.13038	67.12481
1H-Weapon	130	111.26232	217.81567	2023.88664	81.29852	125.37291	64.84537
1H-Weapon	140	117.59820	231.78609	2026.43673	86.20656	137.73441	62.58898
1H-Weapon	150	122.24147	238.04215	2008.34985	89.69643	144.84162	61.92725
1H-Weapon	160	125.82281	248.78021	2051.67434	91.29203	154.04576	59.26293
1H-Weapon	170	130.74912	255.87260	2017.72328	95.80643	171.86664	55.74463
1H-Weapon	180	147.32277	287.35488	2025.80744	107.28504	216.75686	49.49557
1H-Weapon	190	147.32277	287.35488	2025.80744	107.28504	216.75686	49.49557
1H-Weapon	200	164.56509	318.38258	1960.66706	123.15902	281.48297	43.75363
1H-Weapon	210	190.66654	363.20867	1992.06803	139.02015	313.73250	44.31168
1H-Weapon	220	206.90938	392.13864	1966.24711	152.33284	364.53895	41.78781
1H-Weapon	230	221.44925	419.56116	1967.50672	162.89917	418.04621	38.96678
1H-Weapon	240	233.75334	449.94713	1944.11490	175.83849	515.76588	34.09270
1H-Weapon	250	251.40841	485.15102	1946.46258	189.20462	563.90825	33.55238
1H-Weapon	260	277.10897	530.73248	1961.19765	205.95615	609.00874	33.81826
1H-Weapon	270	292.47154	562.14652	1946.81169	219.49171	691.32393	31.74947
1H-Weapon	280	299.50000	578.40271	1939.72973	226.29511	745.75861	30.34428
1H-Weapon	290	299.50000	578.40271	1939.72973	226.29511	745.75861	30.34428
1H-Weapon	300	299.50000	578.40271	1939.72973	226.29511	745.75861	30.34428
1H-Weapon ( InventoryType 13 )	10	15.77679	30.06250	2073.51191	11.05354	12.97118	85.21614
1H-Weapon ( InventoryType 13 )	20	20.55952	39.04688	2073.48710	14.37347	16.98651	84.61696
1H-Weapon ( InventoryType 13 )	30	30.78381	57.95332	2091.84964	21.21021	25.44397	83.36045
1H-Weapon ( InventoryType 13 )	40	41.43749	77.71198	2077.20317	28.68026	33.27467	86.19248
1H-Weapon ( InventoryType 13 )	50	51.01054	95.37777	2058.78461	35.55212	41.30074	86.08107
1H-Weapon ( InventoryType 13 )	60	67.45539	122.19185	2126.58642	44.58959	53.25505	83.72838
1H-Weapon ( InventoryType 13 )	70	77.36737	139.18319	2139.86204	50.59919	60.67879	83.38859
1H-Weapon ( InventoryType 13 )	80	84.22701	151.62758	2187.64758	53.90598	65.51639	82.27862
1H-Weapon ( InventoryType 13 )	90	88.09835	161.04038	2155.41181	57.79377	70.31619	82.19126
1H-Weapon ( InventoryType 13 )	100	96.17485	172.23156	2116.49321	63.40829	82.03623	77.29303
1H-Weapon ( InventoryType 13 )	110	117.61716	206.30368	2170.98039	74.60243	97.38200	76.60803
1H-Weapon ( InventoryType 13 )	120	131.81924	232.03493	2214.52206	82.15185	107.95297	76.09967
1H-Weapon ( InventoryType 13 )	130	145.77708	257.39042	2235.54167	90.17222	120.05686	75.10793
1H-Weapon ( InventoryType 13 )	140	150.16906	268.62267	2216.09722	94.48857	123.83605	76.30135
1H-Weapon ( InventoryType 13 )	150	151.30547	269.71245	2146.60318	98.06608	130.16071	75.34231
1H-Weapon ( InventoryType 13 )	160	157.38880	286.26579	2204.60318	100.62006	130.16071	77.30448
1H-Weapon ( InventoryType 13 )	170	157.38880	286.26579	2084.46429	106.41933	137.44032	77.42948
1H-Weapon ( InventoryType 13 )	180	178.04167	317.78750	2097.08333	118.21876	175.18078	67.48386
1H-Weapon ( InventoryType 13 )	190	178.04167	317.78750	2097.08333	118.21876	175.18078	67.48386
1H-Weapon ( InventoryType 13 )	200	198.77769	349.73051	1995.04032	137.46795	239.14602	57.48285
1H-Weapon ( InventoryType 13 )	210	230.02769	402.26523	2026.29032	156.02229	293.92265	53.08277
1H-Weapon ( InventoryType 13 )	220	246.70304	432.90353	1992.49600	170.54151	328.23871	51.95655
1H-Weapon ( InventoryType 13 )	230	264.57258	462.60496	1990.09456	182.69924	352.03633	51.89784
1H-Weapon ( InventoryType 13 )	240	285.39401	502.10893	2003.18980	196.56224	390.75613	50.30305
1H-Weapon ( InventoryType 13 )	250	308.88810	543.65582	2010.87302	211.98353	424.31587	49.95890
1H-Weapon ( InventoryType 13 )	260	334.73254	586.88915	2016.42857	228.52823	461.48857	49.51980
1H-Weapon ( InventoryType 13 )	270	359.24444	626.38519	2003.33333	245.99741	501.60355	49.04220
1H-Weapon ( InventoryType 13 )	280	373.20000	648.30000	1996.66667	255.80134	526.45857	48.58907
1H-Weapon ( InventoryType 13 )	290	373.20000	648.30000	1996.66667	255.80134	526.45857	48.58907
1H-Weapon ( InventoryType 13 )	300	373.20000	648.30000	1996.66667	255.80134	526.45857	48.58907
1H-Weapon ( InventoryType 21 )	10	13.70834	26.40909	2153.03030	9.31650	9.39247	99.19120
1H-Weapon ( InventoryType 21 )	20	18.75000	35.63384	2157.57576	12.60300	13.07596	96.38295
1H-Weapon ( InventoryType 21 )	30	30.47222	57.52778	2300.00000	19.13043	20.09381	95.20561
1H-Weapon ( InventoryType 21 )	40	41.61111	76.75000	2200.00000	26.90025	29.47051	91.27854
1H-Weapon ( InventoryType 21 )	50	50.92593	95.78395	2148.14815	34.14799	39.89478	85.59513
1H-Weapon ( InventoryType 21 )	60	58.12116	114.18554	2091.00529	41.20188	51.72451	79.65640
1H-Weapon ( InventoryType 21 )	70	58.12116	118.74665	2029.89418	43.56577	56.27691	77.41323
1H-Weapon ( InventoryType 21 )	80	58.12116	121.33075	2019.94048	44.42010	57.49586	77.25791
1H-Weapon ( InventoryType 21 )	90	58.12116	122.81012	1948.51190	46.42807	58.23131	79.73042
1H-Weapon ( InventoryType 21 )	100	58.12116	134.67591	1996.75752	48.27754	65.96129	73.19071
1H-Weapon ( InventoryType 21 )	110	58.12116	140.09068	1939.37115	51.10209	76.99587	66.36991
1H-Weapon ( InventoryType 21 )	120	58.12116	146.02346	1891.47200	53.96448	103.38991	52.19512
1H-Weapon ( InventoryType 21 )	130	58.12116	154.80290	1862.27400	57.16776	122.09996	46.82046
1H-Weapon ( InventoryType 21 )	140	58.12116	168.34420	1881.46592	60.18322	144.33016	41.69830
1H-Weapon ( InventoryType 21 )	150	60.94317	172.84000	1876.98413	62.27628	162.55956	38.30982
1H-Weapon ( InventoryType 21 )	160	60.94317	172.84000	1807.93651	64.65470	211.65670	30.54696
1H-Weapon ( InventoryType 21 )	170	60.94317	176.71693	1830.15873	64.92882	256.31315	25.33183
1H-Weapon ( InventoryType 21 )	180	78.70370	217.56125	1899.57265	77.98200	312.87080	24.92467
1H-Weapon ( InventoryType 21 )	190	78.70370	217.56125	1899.57265	77.98200	312.87080	24.92467
1H-Weapon ( InventoryType 21 )	200	97.05556	257.26496	1959.57265	90.40760	377.56553	23.94488
1H-Weapon ( InventoryType 21 )	210	134.16667	310.09829	2004.01710	110.84361	377.56553	29.35745
1H-Weapon ( InventoryType 21 )	220	145.72667	331.43111	1980.88889	120.44032	465.80694	25.85627
1H-Weapon ( InventoryType 21 )	230	156.36952	355.14540	1978.03175	129.29897	567.35881	22.78963
1H-Weapon ( InventoryType 21 )	240	156.36952	366.53429	1937.47619	134.94458	767.26738	17.58769
1H-Weapon ( InventoryType 21 )	250	161.70696	395.00916	1928.55311	144.33518	834.36359	17.29883
1H-Weapon ( InventoryType 21 )	260	188.66667	441.91026	1961.15385	160.76682	892.73221	18.00840
1H-Weapon ( InventoryType 21 )	270	190.66667	460.07692	1912.82051	170.10054	1019.48949	16.68487
1H-Weapon ( InventoryType 21 )	280	190.66667	467.92308	1884.61539	174.72789	1098.58603	15.90480
1H-Weapon ( InventoryType 21 )	290	190.66667	467.92308	1884.61539	174.72789	1098.58603	15.90480
1H-Weapon ( InventoryType 21 )	300	190.66667	467.92308	1884.61539	174.72789	1098.58603	15.90480
1H-Weapon ( InventoryType 22 )	10	9.00000	18.00000	1450.00000	9.31034	9.22619	100.91213
1H-Weapon ( InventoryType 22 )	20	12.00000	23.33333	1466.66667	12.04545	11.92857	100.97986
1H-Weapon ( InventoryType 22 )	30	25.33333	47.66667	1600.00000	22.81250	21.88889	104.21954
1H-Weapon ( InventoryType 22 )	40	25.33333	47.66667	1600.00000	22.81250	21.88889	104.21954
1H-Weapon ( InventoryType 22 )	50	37.53333	69.66667	1620.00000	33.08642	35.32662	93.65861
1H-Weapon ( InventoryType 22 )	60	77.53333	127.33333	2086.66667	49.08946	51.70976	94.93267
1H-Weapon ( InventoryType 22 )	70	88.53333	147.83333	2170.00000	54.46236	60.39352	90.17915
1H-Weapon ( InventoryType 22 )	80	101.83333	173.33333	2516.66667	54.66887	60.39352	90.52109
1H-Weapon ( InventoryType 22 )	90	101.83333	173.33333	2250.00000	61.14815	60.39352	101.24952
1H-Weapon ( InventoryType 22 )	100	101.83333	173.33333	2173.33333	63.30521	75.65716	83.67379
1H-Weapon ( InventoryType 22 )	110	101.83333	173.33333	1862.22222	73.88126	101.92075	72.48893
1H-Weapon ( InventoryType 22 )	120	101.83333	188.03333	1712.22222	84.64633	131.92439	64.16276
1H-Weapon ( InventoryType 22 )	130	112.59829	209.06410	1700.42735	94.58281	146.94319	64.36692
1H-Weapon ( InventoryType 22 )	140	126.42308	234.62821	1762.82051	102.40728	160.66888	63.73809
1H-Weapon ( InventoryType 22 )	150	159.58974	295.79487	2046.15384	111.27819	184.57422	60.28913
1H-Weapon ( InventoryType 22 )	160	159.58974	295.79487	2046.15384	111.27819	184.57422	60.28913
1H-Weapon ( InventoryType 22 )	170	159.58974	295.79487	2046.15384	111.27819	184.57422	60.28913
1H-Weapon ( InventoryType 22 )	180	176.31923	328.11410	2071.28205	121.76838	215.57384	56.48570
1H-Weapon ( InventoryType 22 )	190	176.31923	328.11410	2071.28205	121.76838	215.57384	56.48570
1H-Weapon ( InventoryType 22 )	200	193.95000	360.88333	2036.66667	136.21113	259.76038	52.43722
1H-Weapon ( InventoryType 22 )	210	200.18529	372.88333	1797.45098	159.41147	301.92661	52.79809
1H-Weapon ( InventoryType 22 )	220	200.18529	372.88333	1797.45098	159.41147	301.92661	52.79809
1H-Weapon ( InventoryType 22 )	230	222.67696	414.83333	1777.45098	179.33273	344.91414	51.99344
1H-Weapon ( InventoryType 22 )	240	247.35103	460.61111	1783.00654	198.53044	387.17376	51.27683
1H-Weapon ( InventoryType 22 )	250	268.88241	500.34444	1805.55556	213.01667	421.63090	50.52207
1H-Weapon ( InventoryType 22 )	260	296.87778	551.99259	1835.18519	231.27649	463.13094	49.93760
1H-Weapon ( InventoryType 22 )	270	312.20556	580.32222	1869.44445	238.71471	480.62019	49.66806
1H-Weapon ( InventoryType 22 )	280	312.20556	580.32222	1869.44445	238.71471	480.62019	49.66806
1H-Weapon ( InventoryType 22 )	290	312.20556	580.32222	1869.44445	238.71471	480.62019	49.66806
1H-Weapon ( InventoryType 22 )	300	312.20556	580.32222	1869.44445	238.71471	480.62019	49.66806
2H-Weapon	10	34.79154	52.78475	3116.27482	14.05144	18.80810	74.70951
2H-Weapon	20	45.21237	68.46010	3127.96699	18.17034	24.75950	73.38736
2H-Weapon	30	68.28670	103.14030	3145.77031	27.24722	36.07795	75.52320
2H-Weapon	40	92.30464	139.16793	3162.95234	36.59122	46.81490	78.16148
2H-Weapon	50	117.46844	177.47341	3181.59280	46.35129	58.42641	79.33277
2H-Weapon	60	149.96844	225.39934	3222.33354	58.24471	80.60639	72.25818
2H-Weapon	70	169.43251	256.19590	3256.72980	65.34598	91.00741	71.80292
2H-Weapon	80	185.41736	279.58681	3349.30556	69.41800	94.63026	73.35708
2H-Weapon	90	198.47292	300.47569	3367.08333	74.09211	100.38209	73.81009
2H-Weapon	100	223.64638	338.24154	3443.98551	81.57524	122.34775	66.67490
2H-Weapon	110	261.55814	395.17684	3425.45609	95.86095	157.39982	60.90284
2H-Weapon	120	291.50597	439.67732	3451.83290	105.91232	172.17681	61.51370
2H-Weapon	130	323.15175	485.59591	3436.57289	117.66776	195.94555	60.05125
2H-Weapon	140	336.36317	505.30264	3425.31969	122.85945	195.98464	62.68831
2H-Weapon	150	348.45979	523.26883	3441.90584	126.63458	195.98464	64.61454
2H-Weapon	160	357.97240	537.50552	3454.37083	129.61520	195.98464	66.13539
2H-Weapon	170	380.09921	570.81349	3480.82011	136.59320	195.98464	69.69587
2H-Weapon	180	428.91234	645.27814	3502.70563	153.33725	285.72587	53.66586
2H-Weapon	190	428.91234	645.27814	3502.70563	153.33725	285.72587	53.66586
2H-Weapon	200	498.07775	749.01874	3509.84848	177.65674	420.12405	42.28673
2H-Weapon	210	563.66109	847.43541	3484.84848	202.46167	515.93773	39.24149
2H-Weapon	220	615.51018	924.03298	3466.66667	222.04949	582.28612	38.13409
2H-Weapon	230	660.22431	991.21255	3466.66667	238.18801	634.42625	37.54385
2H-Weapon	240	717.52431	1077.02922	3505.00000	255.99908	712.65587	35.92184
2H-Weapon	250	775.25098	1163.77255	3516.11111	275.73411	764.23357	36.07982
2H-Weapon	260	841.70000	1263.23333	3536.11111	297.63394	822.02858	36.20725
2H-Weapon	270	908.62222	1381.41667	3575.55555	320.23540	890.34494	35.96757
2H-Weapon	280	946.68334	1447.25000	3596.66667	332.79889	936.02754	35.55439
2H-Weapon	290	946.68334	1447.25000	3596.66667	332.79889	936.02754	35.55439
2H-Weapon	300	946.68334	1447.25000	3596.66667	332.79889	936.02754	35.55439
Staff-Weapon	10	33.39561	50.85348	2970.69598	14.18003	19.02686	74.52636
Staff-Weapon	20	44.33517	67.35470	2978.08303	18.75197	25.60846	73.22570
Staff-Weapon	30	66.16667	100.18254	2974.60318	27.96158	39.61377	70.58551
Staff-Weapon	40	90.85165	137.17766	3040.29304	37.50121	53.78686	69.72187
Staff-Weapon	50	110.74022	168.33861	3029.34066	46.06264	68.80067	66.95085
Staff-Weapon	60	128.13949	200.66462	3061.02564	53.70816	89.71611	59.86457
Staff-Weapon	70	138.59736	221.20125	3042.16117	59.13536	97.07388	60.91789
Staff-Weapon	80	152.17903	243.46291	3074.24451	64.34783	106.86448	60.21443
Staff-Weapon	90	169.52868	267.14123	3148.83658	69.33829	109.76069	63.17225
Staff-Weapon	100	171.07080	274.02768	3040.77797	73.18826	130.28849	56.17400
Staff-Weapon	110	172.19580	286.35268	3048.69464	75.20407	135.89127	55.34135
Staff-Weapon	120	187.12820	313.95641	3015.12820	83.09508	151.72967	54.76521
Staff-Weapon	130	211.40513	351.37949	3041.28205	92.52424	177.49148	52.12883
Staff-Weapon	140	237.78608	387.72711	3028.90110	103.25745	204.66020	50.45312
Staff-Weapon	150	249.58095	407.64286	3063.33333	107.27266	206.41909	51.96838
Staff-Weapon	160	282.89947	448.86508	3133.33333	116.77094	206.41909	56.56984
Staff-Weapon	170	295.18519	463.51746	3045.71429	124.55250	207.59192	59.99872
Staff-Weapon	180	295.18519	463.51746	2717.57576	139.59181	337.69536	41.33661
Staff-Weapon	190	295.18519	463.51746	2717.57576	139.59181	337.69536	41.33661
Staff-Weapon	200	295.18519	463.51746	2505.29505	151.41982	529.32068	28.60644
Staff-Weapon	210	320.03668	514.05263	2378.62839	175.32989	656.70782	26.69831
Staff-Weapon	220	337.72734	549.09430	2380.77485	186.24643	789.67997	23.58505
Staff-Weapon	230	357.87714	579.81090	2328.95299	201.31107	866.44314	23.23419
Staff-Weapon	240	357.87714	579.81090	2288.95299	204.82903	1026.54790	19.95319
Staff-Weapon	250	368.16325	619.38590	2273.67521	217.17023	1111.93305	19.53087
Staff-Weapon	260	388.34041	653.22273	2222.62626	234.30911	1232.41011	19.01227
Staff-Weapon	270	390.65152	667.35606	2162.62626	244.61175	1409.09423	17.35950
Staff-Weapon	280	395.72728	678.90909	2127.27273	252.58547	1501.80692	16.81877
Staff-Weapon	290	395.72728	678.90909	2127.27273	252.58547	1501.80692	16.81877
Staff-Weapon	300	395.72728	678.90909	2127.27273	252.58547	1501.80692	16.81877
Ranged-Weapon	10	18.34091	34.06818	2309.59596	11.34594	11.44492	99.13519
Ranged-Weapon	20	23.19829	42.56719	2312.19441	14.22144	14.30129	99.44168
Ranged-Weapon	30	35.80146	64.07513	2380.97747	20.97386	22.28031	94.13632
Ranged-Weapon	40	48.45297	87.10543	2412.79566	28.09156	30.54311	91.97348
Ranged-Weapon	50	61.71529	110.18369	2475.88745	34.71462	39.71831	87.40206
Ranged-Weapon	60	79.18230	137.79856	2546.48060	42.60407	48.46023	87.91553
Ranged-Weapon	70	88.69240	155.64873	2587.89474	47.20848	52.19495	90.44644
Ranged-Weapon	80	96.25272	170.71540	2638.05347	50.59945	55.83126	90.62925
Ranged-Weapon	90	101.53548	186.12201	2654.66853	54.17955	59.86907	90.49673
Ranged-Weapon	100	113.77622	206.20843	2709.60681	59.04633	69.05118	85.51096
Ranged-Weapon	110	130.03813	233.81954	2751.67030	66.11578	77.50623	85.30383
Ranged-Weapon	120	142.12108	255.46961	2769.46819	71.78105	82.70499	86.79168
Ranged-Weapon	130	160.25812	282.19060	2776.75214	79.67019	96.09205	82.91028
Ranged-Weapon	140	172.46923	303.24615	2788.97436	85.28500	102.62080	83.10694
Ranged-Weapon	150	185.27576	324.73333	2793.63636	91.28051	113.42092	80.47943
Ranged-Weapon	160	185.27576	332.39394	2767.27273	93.53428	113.42092	82.46651
Ranged-Weapon	170	189.15151	348.06061	2753.93939	97.53521	115.51591	84.43444
Ranged-Weapon	180	215.07576	378.58144	2777.80303	106.85732	142.34954	75.06686
Ranged-Weapon	190	215.07576	378.58144	2777.80303	106.85732	142.34954	75.06686
Ranged-Weapon	200	259.57143	446.92560	2852.26190	123.84856	192.96790	64.18091
Ranged-Weapon	210	319.23810	539.92560	2892.26190	148.52799	241.15215	61.59099
Ranged-Weapon	220	375.77731	617.14986	2912.60504	170.45345	282.60894	60.31425
Ranged-Weapon	230	434.70588	683.57843	2899.50980	192.84024	317.20382	60.79379
Ranged-Weapon	240	491.97861	742.12388	2899.50980	212.81226	361.37577	58.88947
Ranged-Weapon	250	532.52273	805.54545	2858.33333	234.06440	390.60364	59.92376
Ranged-Weapon	260	602.46717	888.71212	2888.88889	258.08872	424.27118	60.83108
Ranged-Weapon	270	680.86111	971.83333	2922.22222	282.78042	468.49693	60.35908
Ranged-Weapon	280	739.91667	1027.00000	2983.33334	296.13128	497.10695	59.57094
Ranged-Weapon	290	739.91667	1027.00000	2983.33334	296.13128	497.10695	59.57094
Ranged-Weapon	300	739.91667	1027.00000	2983.33334	296.13128	497.10695	59.57094
Ranged-Thrown	10	18.50000	33.12500	2058.33334	12.54049	13.14521	95.39966
Ranged-Thrown	20	24.55556	45.30556	2016.66667	17.32094	18.60758	93.08539
Ranged-Thrown	30	24.55556	45.30556	2016.66667	17.32094	18.60758	93.08539
Ranged-Thrown	40	36.88889	68.97222	1994.44444	26.53900	28.48009	93.18439
Ranged-Thrown	50	54.22222	101.88889	1977.77778	39.46629	42.77643	92.26177
Ranged-Thrown	60	63.33333	111.00000	1833.33333	47.54545	50.82121	93.55435
Ranged-Thrown	70	67.75000	119.08333	1758.33333	53.12796	56.65659	93.77190
Ranged-Thrown	80	69.98810	119.08333	1567.85714	60.29613	62.12141	97.06175
Ranged-Thrown	90	81.37699	143.86905	1628.96825	69.13764	73.32705	94.28668
Ranged-Thrown	100	103.88625	170.15608	1700.26455	80.58814	90.35283	89.19272
Ranged-Thrown	110	122.98148	191.42593	1690.74074	92.97919	107.24822	86.69532
Ranged-Thrown	120	134.05926	209.05926	1649.62963	103.99865	122.33315	85.01265
Ranged-Thrown	130	143.68889	228.57778	1608.88889	115.69061	137.39015	84.20590
Ranged-Thrown	140	152.64127	253.83175	1661.26984	122.33805	144.57686	84.61800
Ranged-Thrown	150	158.50794	271.36508	1707.93651	125.84573	144.57686	87.04417
Ranged-Thrown	160	158.50794	284.97619	1719.04762	128.99123	144.57686	89.21983
Ranged-Thrown	170	177.22222	319.38889	1800.00000	137.94753	156.36345	88.22236
Ranged-Thrown	180	210.22222	350.98889	1886.66667	148.73086	193.69708	76.78529
Ranged-Thrown	190	210.22222	350.98889	1886.66667	148.73086	193.69708	76.78529
Ranged-Thrown	200	257.22222	402.15556	1936.66667	170.23523	244.38896	69.65749
Ranged-Thrown	210	300.75000	451.85000	1903.33333	197.70578	300.24491	65.84817
Ranged-Thrown	220	300.75000	451.85000	1903.33333	197.70578	300.24491	65.84817
Ranged-Thrown	230	342.97222	515.02778	1861.11111	230.50746	358.23047	64.34614
Ranged-Thrown	240	370.63889	556.69444	1844.44444	251.38554	403.82326	62.25138
Ranged-Thrown	250	396.88889	596.00000	1822.22222	272.43903	440.66689	61.82426
Ranged-Thrown	260	408.00000	612.83334	1816.66667	280.96330	455.22744	61.71933
Ranged-Thrown	270	408.00000	612.83334	1816.66667	280.96330	455.22744	61.71933
Ranged-Thrown	280	408.00000	612.83334	1816.66667	280.96330	455.22744	61.71933
Ranged-Thrown	290	408.00000	612.83334	1816.66667	280.96330	455.22744	61.71933
Ranged-Thrown	300	408.00000	612.83334	1816.66667	280.96330	455.22744	61.71933
Ranged-Wand	10	16.27693	30.76154	1533.84616	15.33350	15.12463	101.38101
Ranged-Wand	20	21.01795	39.72992	1522.56410	19.94920	19.87259	100.38550
Ranged-Wand	30	30.96795	58.48825	1560.89744	28.65537	28.97513	98.89645
Ranged-Wand	40	43.04487	81.02671	1555.76923	39.87467	40.84856	97.61586
Ranged-Wand	50	57.85440	108.51877	1603.38828	51.88175	54.29676	95.55220
Ranged-Wand	60	70.81273	132.60211	1557.55494	65.29941	69.35463	94.15292
Ranged-Wand	70	85.68452	160.15595	1566.78571	78.45376	83.56786	93.88031
Ranged-Wand	80	99.01136	184.80530	1558.56061	91.05089	97.60699	93.28317
Ranged-Wand	90	112.88636	210.51364	1662.72727	97.24986	102.88564	94.52229
Ranged-Wand	100	129.43182	241.17424	1677.27273	110.47877	119.99741	92.06763
Ranged-Wand	110	150.79545	280.81061	1704.54545	126.60444	140.24566	90.27334
Ranged-Wand	120	173.92641	323.72727	1668.83117	149.10246	167.13973	89.20827
Ranged-Wand	130	197.26984	367.16667	1692.06349	166.78940	188.29051	88.58089
Ranged-Wand	140	214.36984	399.10000	1715.39682	178.81281	200.96769	88.97590
Ranged-Wand	150	233.48889	434.51667	1801.11111	185.44263	210.87186	87.94091
Ranged-Wand	160	235.66667	438.48333	1783.33333	189.01402	210.87186	89.63454
Ranged-Wand	170	246.50000	458.21667	1773.33333	198.69831	224.54730	88.48840
Ranged-Wand	180	272.81818	507.07273	1758.18182	221.78904	263.51763	84.16478
Ranged-Wand	190	272.81818	507.07273	1758.18182	221.78904	263.51763	84.16478
Ranged-Wand	200	323.15152	600.77273	1821.51515	253.61421	322.66986	78.59867
Ranged-Wand	210	379.68485	705.90606	1868.18182	290.54745	391.75218	74.16613
Ranged-Wand	220	379.68485	705.90606	1868.18182	290.54745	391.75218	74.16613
Ranged-Wand	230	426.96190	793.91905	1869.04762	326.60509	454.63009	71.83974
Ranged-Wand	240	481.06190	894.25238	1929.04762	356.47494	508.99275	70.03537
Ranged-Wand	250	522.72024	971.70238	1939.88095	385.18411	553.08408	69.64296
Ranged-Wand	260	559.62500	1039.75000	1920.83333	416.32321	600.56811	69.32156
Ranged-Wand	270	568.68750	1056.37500	1856.25000	437.72727	627.90678	69.71214
Ranged-Wand	280	568.68750	1056.37500	1856.25000	437.72727	627.90678	69.71214
Ranged-Wand	290	568.68750	1056.37500	1856.25000	437.72727	627.90678	69.71214
Ranged-Wand	300	568.68750	1056.37500	1856.25000	437.72727	627.90678	69.71214

                                                                                                                           
2025-12-19 18:57:25                                                                                            0601E (v1.0)
###########################################################################################################################
##  END PRINT OUT                                                                                                        ##
###########################################################################################################################
                                                                                                                           
                                                                                                                           
