curve_points
286
Quality	ItemLevel	weighted_median	total_weight	item_count
1	10	10.82	64.19	69
1	11	10.93	19.64	22
1	12	11.63	18.19	22
1	13	12.34	15.94	18
1	14	13.04	17.29	20
1	15	14.86	0.87	1
1	16	9.71	1	1
1	17	14.34	23	23
1	18	6.24	1	1
1	19	22.45	1	1
1	20	11.09	2	2
1	21	16.18	5.06	6
1	22	16.02	25.08	26
1	23	17.04	4.62	5
1	26	29.06	1	1
1	27	17.49	26	26
1	29	8.15	2	2
1	30	31.52	1	1
1	32	18.30	1	1
1	34	36.64	1	1
Quality	min_med	avg_med	max_med
1	6.24	31.30	156.14
2	5.31	58.27	189.73
3	23.50	143.78	558.28
4	32.69	291.06	1294.95
