total_rows
159379
Quality	InventoryType	avg_budget	chest_avg_budget	slot_modifier
1	1	5.408	34.528	15.66
1	1	19.968	18.304	109.09
1	1	19.968	23.608	84.58
1	1	19.968	56.534	35.32
1	1	19.968	34.528	57.83
1	1	19.968	129.272	15.45
1	1	6.864	11.925	57.56
1	1	6.864	12.272	55.93
1	1	6.864	14.435	47.55
1	1	6.864	18.356	37.39
1	1	6.864	19.552	35.11
1	1	6.864	18.304	37.50
1	1	6.864	23.608	29.07
1	1	6.864	56.534	12.14
1	1	6.864	34.528	19.88
1	1	6.864	129.272	5.31
1	1	5.408	11.925	45.35
1	1	5.408	12.272	44.07
1	1	5.408	14.435	37.46
1	1	5.408	18.356	29.46
1	1	5.408	19.552	27.66
1	1	5.408	18.304	29.55
1	1	5.408	23.608	22.91
1	1	5.408	56.534	9.57
1	1	5.408	129.272	4.18
InventoryType	quality_count	avg_modifier	stdev_modifier	min_modifier	max_modifier
1	4	158.71	206.63	2.54	4448.96
2	3	42.87	67.35	0.63	1329.47
3	4	134.70	178.69	1.26	3591.26
5	4	182.33	250.99	2.19	4564.59
6	4	107.10	145.21	1.86	2672.43
7	4	156.76	218.82	3.67	4966.62
8	4	116.30	152.8	1.79	2784.13
9	4	81.62	108.16	1.14	2373.31
10	4	111.02	152.72	1.24	3292.50
11	3	41.78	66.28	0.74	1257.69
14	4	819.59	1146.04	3.11	13372.47
16	4	41.44	62.65	1.22	1343.10
20	4	79.67	119.67	1.82	2530.77
23	4	35.06	54.91	0.36	975.96
