total_groups
2443
ItemLevel	Quality	InventoryType	item_count	avg_budget	stdev_budget	min_budget	max_budget
10	2	5	4	15.264	5.468	12.440	23.464
10	2	7	4	10.182	7.613	4.386	20.552
10	2	10	1	3.346	NULL	3.346	3.346
10	2	20	3	4.915	0.098	4.802	4.972
10	2	23	1	1.000	NULL	1.000	1.000
11	2	5	7	12.925	8.988	4.368	25.920
11	2	7	5	10.342	6.898	3.744	21.008
11	2	14	1	43.056	NULL	43.056	43.056
11	2	20	2	5.388	1.442	4.368	6.408
12	2	5	3	9.288	4.857	6.484	14.896
12	2	7	5	15.077	8.251	4.160	24.256
12	2	9	1	3.080	NULL	3.080	3.080
12	2	10	1	18.016	NULL	18.016	18.016
12	2	14	2	49.712	0	49.712	49.712
12	2	16	1	3.308	NULL	3.308	3.308
12	2	23	1	1.020	NULL	1.020	1.020
13	2	5	10	18.129	8.486	5.200	30.082
13	2	7	3	16.329	10.331	7.126	27.504
13	2	8	1	5.406	NULL	5.406	5.406
13	2	10	1	11.028	NULL	11.028	11.028
InventoryType	global_avg_budget	global_stdev_budget	group_count
1	154.78	174.92	175
2	62.23	86.41	115
3	130.92	148.43	182
5	178.86	208.89	207
6	106.25	133.84	198
7	155.42	179.39	202
8	113.28	143.41	201
9	79.65	100.71	193
10	111.81	135.78	205
11	60.63	85.96	145
14	606.16	533.74	178
16	54.33	85.91	195
20	103.59	160.07	156
23	58.49	90.71	91
