total_groups
1740
ItemLevel	Quality	subclass	item_count	avg_budget	stdev_budget	min_budget	max_budget
10	1	4	1	4.167	NULL	4.167	4.167
10	1	7	2	4.424	0.107	4.348	4.5
10	1	10	3	5.707	0.054	5.645	5.741
10	1	15	1	4.333	NULL	4.333	4.333
11	1	4	2	4.744	0.009	4.737	4.75
11	1	8	1	6.333	NULL	6.333	6.333
11	1	15	1	5	NULL	5	5
12	1	4	1	5.294	NULL	5.294	5.294
14	1	1	1	8.281	NULL	8.281	8.281
14	1	3	1	7.619	NULL	7.619	7.619
14	1	4	1	6.316	NULL	6.316	6.316
15	1	1	1	9	NULL	9	9
15	1	5	1	9	NULL	9	9
15	1	7	1	6.818	NULL	6.818	6.818
15	1	8	1	9.062	NULL	9.062	9.062
15	1	13	2	6.786	0	6.786	6.786
16	1	0	1	7.2	NULL	7.2	7.2
16	1	2	1	8.462	NULL	8.462	8.462
16	1	10	1	9.444	NULL	9.444	9.444
16	1	15	1	7.143	NULL	7.143	7.143
Quality	subclass	avg_budget	base_avg_budget	subclass_modifier
1	0	7.2	43	16.74
1	0	17.115	17.115	100
1	0	17.115	25.87	66.16
1	0	17.115	43	39.8
1	0	17.115	44.667	38.32
1	0	11	7.2	152.78
1	0	11	9.091	121
1	0	11	11	100
1	0	11	17.115	64.27
1	0	11	25.87	42.52
1	0	11	43	25.58
1	0	11	44.667	24.63
1	0	9.091	7.2	126.26
1	0	9.091	9.091	100
1	0	9.091	11	82.65
1	0	9.091	17.115	53.12
1	0	9.091	25.87	35.14
1	0	9.091	43	21.14
1	0	9.091	44.667	20.35
1	0	7.2	7.2	100
1	0	7.2	9.091	79.2
1	0	7.2	11	65.45
1	0	7.2	17.115	42.07
1	0	7.2	25.87	27.83
1	0	7.2	44.667	16.12
subclass	quality_count	avg_modifier	stdev_modifier	min_modifier	max_modifier
0	4	172.76	211.25	5.61	1782.43
1	4	251.18	310.85	6.33	3172.96
2	4	175.13	200.64	5.41	1527.56
3	4	176.67	201.24	5.68	1527.56
4	4	216.47	330.63	5.75	3191.12
5	4	269.65	326.17	8.13	3047.14
6	4	339.65	376.73	9.68	3254.6
7	4	181.07	253.87	4.93	3509.72
8	4	256.44	328.93	6.43	3057.72
10	4	287.1	387.15	8.04	4669.5
13	4	241.59	250.7	6.9	1692.28
15	4	205.55	313.65	5.68	3198.51
18	4	225.95	233.5	8.6	1537.31
19	4	293.83	368.1	7.81	3101.36
